F 0 0 1600 200
F 0 200 50 832
FD 50 700 50 50
F 50 750 50 100
F 100 600 300 250
P 150 550 50 50
FF 400 600 100 250 500
F 500 600 100 250
SF 600 600 50 50
F 600 650 50 200
F 650 600 300 250
F 850 550 100 50
F 900 500 50 50
F 1000 450 50 50
F 1150 400 50 50
SF 1200 400 50 50
F 1100 500 200 50
F 1300 600 50 100
FW 1300 700 50 100
F 1300 800 50 50
F 1350 600 200 250
F 1350 450 50 50
F 1400 400 50 50
SF 1450 400 50 50
F 1500 400 50 50
S 1450 590 50 10
FD 1500 550 50 50
F 1550 200 50 150
FD 1550 350 50 50
F 1550 400 50 450
T 50 700 50 50 FD 50 700
T 400 450 50 200 FF 400 600
T 600 450 50 200 SF 600 600
T 1200 250 50 200 SF 1200 400
T 1250 650 50 50 FW 1300 700
T 1450 250 50 200 SF 1450 400
T 1500 550 50 50 FD 1500 550
T 1550 350 50 50 FD 1550 350
