P 150 100 50 50
F 0 0 1600 50
F 0 50 50 750
F 0 800 1600 50
F 1550 50 50 750
F 50 150 50 600
F 100 150 100 500
F 200 150 100 100
F 300 50 1250 50
F 300 100 150 150
F 200 350 250 100
F 200 450 100 200
F 300 550 250 100
F 50 750 800 50
F 350 650 350 100
F 450 100 200 350
F 550 450 150 200
F 650 200 250 250
F 700 450 850 50
F 700 600 250 100
F 700 700 150 50
F 900 100 600 50
F 900 150 250 150
F 900 400 250 50
F 1150 250 350 200
F 1150 150 100 100
F 1500 100 50 350
F 950 500 300 200
F 1250 600 250 100
F 1500 500 50 200
F 1100 700 350 100
D 1500 750 50 50
POR 50 100 1000 350
T 50 100 50 50 POR 50 100
POR 270 100 400 500
T 270 100 50 50 POR 270 100
POR 200 300 1350 550
T 200 300 50 50 POR 200 300
POR 420 300 150 50
T 420 300 50 50 POR 420 300
POR 300 500 200 700
T 300 500 50 50 POR 300 500
POR 520 500 950 750
T 520 500 50 50 POR 520 500
POR 100 700 800 550
T 100 700 50 50 POR 100 700
POR 320 700 300 300
T 320 700 50 50 POR 320 700
POR 650 150 300 300
T 650 150 50 50 POR 650 150
POR 870 150 800 550
T 870 150 50 50 POR 870 150
POR 900 350 400 500
T 900 350 50 50 POR 900 350
POR 1120 350 950 750
T 1120 350 50 50 POR 1120 350
POR 700 550 1000 350
T 700 550 50 50 POR 700 550
POR 920 550 150 50
T 920 550 50 50 POR 920 550
POR 850 750 1350 200
T 850 750 50 50 POR 850 750
POR 1070 750 750 150
T 1070 750 50 50 POR 1070 750
POR 1250 200 1450 750
T 1250 200 50 50 POR 1250 200
POR 1470 200 400 500
T 1470 200 50 50 POR 1470 200
POR 1250 550 150 50
T 1250 550 50 50 POR 1250 550
POR 1470 550 1450 750
T 1470 550 50 50 POR 1470 550