F 0 600 200 400
F 200 550 50 450
F 250 500 50 500
FF 300 450 100 550 500
F 400 600 500 400
S 500 580 50 20
S 700 580 50 20
F 900 550 50 550
F 950 500 50 50
F 1000 450 50 50
F 1050 400 50 50
FF 1100 400 50 50 500
S 1090 580 70 20 
F 1150 400 300 50
F 900 600 300 400
FF 1200 600 100 400 500
F 1300 600 150 400
SF 1450 600 100 400
F 0 0 1600 200
D 950 550 50 50
P 100 550 50 50
F 0 0 50 1000
F 1550 0 50 1000
T 290 450 50 50 FF 300 450
T 1090 350 50 50 FF 1100 400
T 1280 500 10 100 FF 1200 600
T 1450 500 100 50 SF 1450 600