F 0 150 150 25
F 0 600 400 600
F 600 600 750 600
F 1350 600 180 600
F 1440 200 260 25 
F 1600 0 10 900
D 1550 150 50 50
P 100 550 50 50
SF 160 600 50 50
SF 680 600 50 50
SF 1100 600 50 50
POR 475 750 550 450
POR 950 500 50 50
POR 1550 750 1425 25
SF 1280 600 50 50 
PF 830 530 50 70 -800 735
T 155 500 70 100 SF 160 600
T 670 500 70 100 SF 680 600
T 1090 500 70 100 SF 1100 600
T 475 750 32 32 POR 475 750
T 950 500 32 32 POR 950 500
T 1550 750 32 32 POR 1550 750
T 1270 500 70 100 SF 1280 600
T 800 500 50 100 PF 830 530

 