F 0 0 1600 200
F 0 200 50 650
F 50 600 100 250
D 1550 550 50 50
P 100 550 50 50
FF 150 600 50 250 500
T 150 450 50 150 FF 150 600
F 200 600 700 250 
S 350 580 50 20
MS 600 580 50 20 -500 500
T 500 500 100 100 MS 600 580
MS 700 580 50 20 500 800
T 700 500 100 100 MS 700 580
SF 900 600 50 50 
T 900 500 50 110 SF 900 600
F 900 650 50 200
F 950 600 200 250
MS 1100 580 50 20 -500 1000
T 1000 500 100 100 MS 1100 580
FF 1150 600 50 250 500
T 1150 500 50 100 FF 1150 600
F 1200 600 300 250
MS 1450 580 50 20 -400 1200
T 1200 550 100 50 MS 1450 580
FF 1500 600 50 250 500
T 1500 500 50 100 FF 1500 600
F 1550 600 50 250
