BAL 400 200 100 100 500 500
BAL 550 200 100 100 500 500
BAL 700 200 100 100 500 500
BAL 850 200 100 100 500 500
BAL 1000 200 100 100 500 500
BAL 1150 200 100 100 500 500
BAL 1450 200 100 100 500 500
F 0 0 1600 200
F 0 600 1050 400
FF 1050 600 50 400 500
F 1100 600 500 400
D 1500 550 50 50
P 200 550 50 50
F 0 0 50 600
F 1550 0 50 600
T 200 500 100 100 BAL 400 200
T 200 500 100 100 BAL 700 200
T 200 500 100 100 BAL 1000 200
T 300 500 100 100 BAL 550 200
T 300 500 100 100 BAL 850 200
T 300 500 100 100 BAL 1150 200
T 1050 500 100 100 FF 1050 600
T 1450 500 100 100 BAL 1450 200