F 0 0 1600 200
F 0 200 50 650
F 50 600 200 150
P 100 550 50 50
F 50 750 100 50
PF 150 750 100 50 200 1400
F 50 800 200 50
T 250 700 50 50 PF 150 750
F 300 550 100 50
F 450 600 200 50
FF 450 650 200 200 500
T 350 650 50 100 FF 450 650
FF 650 600 100 50 500
FF 650 650 100 200 500
T 650 500 50 100 FF 650 600
T 650 500 50 100 FF 650 650
F 750 600 800 50
FF 750 650 100 200 500
T 550 650 50 100 FF 650 650
T 550 650 50 100 FF 750 650
FF 850 650 200 200 500
T 750 650 50 100 FF 850 650
FF 1050 650 150 200 500
T 950 650 50 100 FF 1050 650
FF 1200 650 150 200 500
T 1100 650 50 100 FF 1200 650
FF 1350 650 150 200 500
T 1250 650 50 100 FF 1350 650
FW 1500 650 50 100
T 1450 650 50 100 FW 1500 650
F 1500 750 50 100
F 1550 200 50 650
MS 600 580 50 20 -200 450
T 450 550 100 50 MS 600 580
B 800 550 50 50
S 850 550 50 50
S 900 550 50 50
S 950 550 50 50
S 1000 550 50 50
S 1050 550 50 50
S 1100 550 50 50
S 1150 550 50 50
S 1200 550 50 50
F 850 350 100 50
POR 1000 300 1250 300
T 1000 300 50 50 POR 1000 300
F 1250 500 150 100
F 1300 450 100 50
F 1350 400 150 50
FD 1500 550 50 50
T 1500 550 50 50 FD 1500 550
