F 0 0 50 900
F 1550 0 50 900
P 800 300 50 50
D 50 500 50 50

F 50 150 900 50
SF 950 150 50 50
F 1000 150 450 50
MS 300 130 50 20 1500 1200
MS 600 130 50 20 500 750
FF 1450 150 100 50 500
POR 1500 100 1500 600

POR 1450 300 950 50
F 50 350 150 50
SF 200 350 50 50
MS 400 330 50 20 1000 600
F 250 350 550 50
FF 800 350 100 50 500
F 900 350 650 50
MS 1200 330 50 20 -500 1100
POR 1000 250 50 300
MS 50 330 150 20 1500 1000


POR 800 400 150 550
PF 50 550 100 50 3000 1400
B 200 800 30 30
B 500 800 30 30
B 800 800 30 30
B 1100 800 30 30

T 940 50 100 100 SF 950 150
T 1100 50 100 100 MS 300 130
T 700 50 100 100 MS 600 130
T 1450 300 32 32 POR 1450 300

T 1500 100 32 32 POR 1500 100
T 1150 250 100 100 MS 1200 330
T 1000 250 32 32 POR 1000 250
T 850 250 100 100 MS 50 330
T 200 250 100 100 SF 200 350
T 600 250 100 100 MS 400 330

T 800 400 32 32 POR 800 400
T 150 550 50 50 PF 50 550