P 10 0 50 50
FW 1530 600 50 100
FD 1480 100 50 50
F 0 0 3 900
F 1530 0 50 650
F 1530 700 50 200
F 1580 0 20 900
F 1400 700 130 30
F 1200 600 100 30
F 1400 150 200 30
F 0 700 100 200
F 1200 450 400 30
F 400 600 85 30
F 200 400 50 30
F 0 480 50 25
F 0 350 120 25
F 0 300 50 20
F 130 240 100 20
F 950 240 150 30
F 600 240 50 30
F 720 240 120 30
B 1250 425 25 25
B 1350 800 32 32
B 20 675 25 25
S 1250 580 50 20
RS 0 505 50 25
FF 650 240 70 30 500
SF 1350 330 50 20
SF 1400 330 50 20
SF 1450 330 50 20
SF 550 240 50 30
POR 1050 520 1000 550
POR 950 700 700 450
POR 750 550 450 550 
POR 660 550 600 700 
POR 300 160 560 120 
PF 1500 600 30 100 -100 1400
PF 300 650 80 30 -300 120
T 650 140 70 100 FF 650 240
T 1050 520 32 32 POR 1050 520
T 950 700 32 32 POR 950 700
T 750 550 32 32 POR 750 550
T 660 550 32 32 POR 660 550
T 300 160 32 32 POR 300 160
T 350 600 50 50 PF 300 650
T 1350 280 50 50 SF 1350 330
T 1400 280 50 50 SF 1400 330
T 1450 280 50 50 SF 1450 330
T 540 140 50 100 SF 550 240
T 1480 100 50 50 FW 1530 600
T 1480 100 50 50 PF 1500 600
T 540 140 60 100 SF 550 240
