F 0 400 200 30
F 170 400 30 500
F 1550 400 50 500
POR 30 750 150 100
POR 120 750 850 100
SF 1500 400 50 500
P 75 450 50 50
D 1550 350 50 50
RS 0 0 100 20
RS 100 0 100 20
RS 200 0 100 20
RS 300 0 100 20
RS 400 0 100 20
RS 500 0 100 20
RS 600 0 100 20
RS 700 0 100 20
RS 800 0 100 20
RS 900 0 100 20
RS 1000 0 100 20
RS 1100 0 100 20
RS 1200 0 100 20
RS 1300 0 100 20
RS 1400 0 100 20
RS 1500 0 100 20
S 0 812 100 20
S 100 812 100 20
S 200 812 100 20
S 300 812 100 20
S 400 812 100 20
S 500 812 100 20
S 600 812 100 20
S 700 812 100 20
S 800 812 100 20
S 900 812 100 20
S 1000 812 100 20
S 1100 812 100 20
S 1200 812 100 20
S 1300 812 100 20
S 1400 812 100 20
B 200 600 30 30
B 400 250 30 30
B 500 550 30 30
B 700 350 30 30
B 850 700 30 30
B 850 250 30 30
B 1050 400 30 30
B 1300 650 30 30
B 1300 350 30 30
B 1470 600 30 30
T 1500 150 50 250 SF 1500 400
T 30 750 32 32 POR 30 750
T 120 750 32 32 POR 120 750